# Params after 700 iters (dt=0.002500) in real-time of data/ansatz0.txt under data/hamil_sim.txt, starting from data/params0_init.txt
-0.00077900637481057846
-0.76524062802372883
-0.071022794580221663
-1.5720996539962251
-0.57013809586462216
-0.037020430572532986
-0.56917010378312227
-0.23392728496630905
-0.77487366841223027
0.8737895781577566
-1.0907158379002388
0.81605493411236618
-0.10714015970524748
-1.6198849001769215
-0.58696741203750058
1.0384070492460773
-0.20021424750818584
1.253118339895664
0.19017116098078571
0.59210194530717586
-1.7105857239172155
0.059802365864577836
-0.12606593045382666
0.18838313202505447
-0.20432014067254817
0.49787958143954453
0.58855211168108046
0.097311909382021902
-1.0474983214303097
0.34316147426429155
-0.12666072733492867
0.0061175221973104807
-0.72201988730680089
-0.89155671604830733
1.9234823665830256
-0.31031239600206895
-0.54383009730839316
0.42302995743641514
-0.23943698307327779
1.1029124408910831
0.62165271950734824
0.2243914145069692
1.5888314733835081
0.69977455508104891
-0.43299472828416807
0.38592534195365297
0.28200624445818795
0.773377417181487
0.17709488688515718
0.3747200594331852
0.59449908135911556
-0.22395738825175066
-0.024289963923348652
-0.23800079838332755
-1.3122748751082491
0.17508089605244215
0.26479596335186573
1.1140755998800829
0.13048639433164558
0.31340736891583143
1.5241982034120429
0.39354087962632506
-1.9263095966916426
-0.72234945844763487
-0.98677731999961071
0.34984263828492596
-0.42137412113270323
0.20951768828575512
-0.64586064783758179
-1.1951676339720276
0.19727255254722292
0.43687209905427776
0.77102095363624723
-0.08047313003617583
-0.11872043717309769
1.1396394433801267
0.2676003994844578
0.035403762736161984
0.40912255751935728
0.25702819758058221
-0.0025995142788211526
-0.069447279146299154
0.25205058187892293
-0.44812677272843948
0.38207196915134956
1.6060261758497374
0.061471068925963178
-0.018386113952909747
-0.95135465817589004
1.3987536885942367
0.10627057209012231
-1.0067753157131398
-0.07047174881122277
0.077844892798764415
-0.28874995624340788
0.30971105244074865
-1.0224791654075769
0.083465747401808815
-0.68913700476308215
-2.1166970444224584
0.93936066430981957
0.99647063081853782
0.025751463953343882
0.90254351688955359
-0.33304844976744175
0.042068826197922467
1.7479988186223427
0.19480193136039498
0.6404698960362889
0.75941164608074996
0.042563480254423344
0.4370926992713467
0.89857046608178359
0.28954657970617587
2.3715653089764164
0.29357809927408052
0.02854795708153697
0.74682856186994429
0.1994150986415498
0.37598704781358944
-0.13799833407378612
0.26683455004430295
0.63415091739818941
0.35838224031556198
0.26959925275290469
-0.1420736228965464
0.065182580598180634
0.10542433014604875
-0.6112897396499829
1.1610382551654657
-0.49692565200042188
0.98614577275558812
0.31287126093597578
1.1832982424051859
0.24543075089424923
0.50657682752948552
0.50516539818122452
-1.3000475276883556
0.18067352149912289
-0.98890881177565504
0.78279803987435326
0.6229282202377785
0.25405264953877521
0.033598963188192804
0.42916798055835281
-0.84443430232524097
0.43788118498150713
-0.00031140308378523225
0.24797659342038736
0.33194913116343061
0.81621841045327981
0.4187797974674457
0.71385528967440304
-0.83722233489881603
0.70935234570365602
-0.80411666856585085
-1.9561069690289699
-1.3582598681812295
-0.83901195777634918
-0.21781774846982371
-0.85344020857260994
-0.36461130198604691
1.5666256773500504
0.67684494955873076
0.73790292883533881
0.29938887363680899
0.10799446843691744
0.31331005051966543
0.48987156935509013
0.38603052325288179
0.5976952649004974
0.8939314112320802
0.22622741146981923
0.35891579754476854
0.25519797430850083
0.35523111935841079
0.88796893525118703
0.31737131728347318
0.26033154239948475
0.99595102119657464
0.627937955706936
-0.031696987996401881
-0.1482607514658674
0.1107423437576662
0.25884060619650306
0.011457980715070263
